3.523346
3.327044
3.593847
3.538446
4.028553
21.942689
3.826951
3.621147
3.825650
3.503346
47.057020
3.763950
4.572460
3.718049
3.615447
3.530946
3.568447
2.935138
3.639848
3.548047
3.757949
3.716949
3.706549
4.849464
3.462845
3.570347
3.809850
3.668248
3.563847
3.797850
3.675149
3.781250
3.532147
3.516046
3.772850
3.713149
3.538546
3.534347
3.873451
3.472246
3.661348
8.774216
3.466446
3.696348
3.741449
3.602748
3.967753
3.553947
3.450546
3.624748
3.694749
3.521546
3.516547
3.736350
3.680948
3.574247
3.263043
3.763050
3.495846
3.794050
3.376745
3.723649
3.714649
3.648148
3.553246
3.640948
6.536986
3.995052
3.458846
3.403045
3.671148
3.689949
3.642548
3.558847
3.819251
3.667648
3.540946
3.668448
3.465146
3.598647
3.975052
3.543447
3.836351
3.480746
3.465345
3.471246
3.466045
3.186342
4.812863
3.752350
3.722149
3.568247
3.648448
3.788749
3.468145
3.643848
3.794450
3.731649
3.760149
3.623747
3.412344
3.251443
3.489246
3.719249
3.796450
3.411444
3.600447
3.317944
3.904351
3.462445
4.093454
3.625947
5.088867
3.242542
3.522346
6.221282
5.198868
3.445545
3.656048
3.346943
3.543446
3.775350
5.950278
3.333844
37.931096
3.716849
3.528046
3.885151
3.732949
3.547247
3.456945
3.666248
3.563347
3.975552
4.192754
3.900751
3.511846
3.795949
4.003952
3.598247
3.563646
3.528846
3.795050
3.435345
3.652847
3.413745
4.442358
4.184955
4.219055
3.855151
3.916852
3.468145
4.205855
3.910751
3.814850
3.615147
3.535246
3.670048
4.122554
3.794050
3.779050
3.352844
3.782950
3.867151
3.871751
3.571946
3.860850
3.426145
3.584846
3.817650
3.957152
5.090366
3.868950
3.632847
3.788050
3.548546
3.381544
4.223355
3.801849
5.897677
3.712948
3.976752
3.570047
3.434244
4.529259
3.804150
3.677748
4.553059
3.469545
3.664548
3.430245
3.733048
3.653648
3.716348
3.517246
3.545947
3.459845
3.852651
3.582646
3.632847
4.115954
3.632247
3.552746
3.509246
3.316643
3.981052
3.686048
3.601747
4.015052
3.964252
3.772749
4.247155
3.741148
3.551446
3.461745
3.531546
3.605247
3.628248
3.635647
3.845850
3.821250
3.439245
3.588546
3.881550
3.805650
3.810949
3.753549
3.826150
3.388045
3.545346
3.944752
3.637248
3.684348
7.269495
3.506346
7.762601
3.419045
3.754648
2.963338
21.794583
16.042009
3.550847
3.555046
3.798149
32.471022
13.139171
3.964652
3.561546
3.637347
15.910807
3.375044
3.454945
3.443245
3.119340
3.644948
3.691648
3.846350
3.728048
3.827049
3.593147
3.304942
3.418145
3.580847
3.809649
3.761649
3.347543
3.982952
3.589347
3.638347
3.694448
3.841850
3.685048
3.933851
3.670748
3.758449
3.608047
3.693048
3.636147
3.737649
4.447158
3.556346
3.936951
3.856850
4.064852
3.437345
3.716948
3.562147
3.967352
3.480745
3.884850
3.592146
3.961451
3.603146
3.642748
3.545846
3.646848
3.424044
3.575047
3.573046
3.933151
3.556346
3.436145
3.487945
3.795450
3.264543
3.809649
3.319743
3.763349
3.937951
3.823749
6.129180
3.661648
3.677348
3.542246
3.351144
3.978352
3.780049
3.731048
3.671148
3.697248
3.417844
3.597547
3.446445
3.411945
3.525345
3.345243
3.511845
3.596246
3.653647
3.520845
3.450945
3.549146
4.026152
3.340744
3.750149
3.715748
3.726848
3.489645
3.612646
3.565946
3.491246
3.713448
3.722348
3.542946
3.538045
3.900551
3.819649
3.738448
3.921251
3.624847
3.268243
3.913651
4.732361
3.924451
3.847350
3.597047
3.773549
3.058840
4.498059
3.912450
3.523046
3.591746
14.705190
3.396244
4.019552
3.670547
3.516146
17.884531
3.606046
3.325443
6.449983
3.593947
3.569646
3.777549
3.411544
3.960451
3.536746
3.499546
3.637347
3.816549
3.715149
3.454444
3.813450
4.076753
5.401270
4.052752
3.544146
3.822649
3.739448
3.547546
3.234042
3.898051
3.697148
3.634147
3.273043
3.764249
3.414744
3.814749
3.518046
3.738848
3.833250
3.831149
4.422557
4.253255
3.895450
3.680647
3.494246
3.849850
3.939951
3.787249
3.655348
3.433945
4.003652
3.888150
3.935951
4.053753
4.146754
3.947251
3.970151
3.601746
3.793049
3.526646
3.495546
3.808149
3.599846
3.568647
3.636747
3.814250
3.867750
3.652948
3.729348
3.825250
3.292442
3.962651
3.806049
4.035552
3.497245
3.489445
4.287856
3.615847
3.698648
3.771349
3.939851
3.672647
3.608347
4.063452
3.439545
3.837050
4.118554
3.737448
3.992652
3.521346
3.764849
4.044952
3.576146
3.617147
3.569946
3.662448
3.643647
3.528446
3.840050
3.758548
3.688748
3.789249
3.748548
3.786649
3.615947
3.270242
3.534646
3.717848
3.646247
3.772848
3.319043
4.029752
3.776549
3.625047
3.127940
3.962051
3.611946
4.039952
3.778749
3.813749
3.767949
3.969552
4.016552
3.971652
3.659747
3.564246
3.720748
3.345643
3.867150
3.877550
4.149754
3.287843
3.716348
6.211281
3.903951
3.402344
3.953551
3.724848
3.690747
6.270681
3.972951
4.338856
3.489645
3.615847
3.887650
3.925651
3.976651
3.839450
3.636847
4.376357
3.648647
3.702448
3.784349
4.796262
3.696248
3.738348
4.085852
4.226455
2.975539
3.642647
3.565546
4.221954
3.585747
4.006152
3.750449
3.586946
3.893451
3.501945
3.585846
3.413844
3.532246
3.960051
3.777249
13.748277
4.047052
6.337682
4.052253
4.333456
3.631947
3.589746
3.824049
3.695948
3.926151
4.061953
3.771249
3.659047
3.697847
3.822050
3.655348
3.812849
3.756149
3.668147
3.771049
4.103253
3.778749
3.706847
3.914151
3.835949
3.973751
4.134554
3.828949
3.601546
3.238542
3.510045
3.487445
4.083752
3.965451
3.569946
3.759049
3.970851
3.606247
3.942651
3.909651
3.377243
3.733949
3.824650
3.647047
3.529446
3.349444
3.969551
3.226442
4.433357
5.690173
3.038439
3.688647
3.855850
3.677748
4.339956
3.473545
3.746549
4.007151
4.065052
4.241855
2.835136
3.916450
3.848650
3.925851
4.291655
30.542394
3.821749
3.791348
3.678548
3.905251
3.700447
3.794149
4.290455
3.657647
3.822950
4.230955
4.032852
6.197780
4.198054
3.801049
3.681847
3.610247
3.738348
3.926350
3.735549
3.651448
3.632147
3.595746
5.169267
3.913550
3.706448
3.819749
3.973751
4.256155
4.342656
3.627247
3.744848
3.959751
3.791449
4.296255
3.582246
3.910151
3.821649
3.622647
3.776749
3.521146
3.645447
3.643847
3.958251
3.827349
4.199854
3.523145
3.760449
3.707448
4.183253
3.758949
3.959951
3.687347
4.468958
3.461844
3.939851
3.831550
3.795449
3.603246
3.872550
3.453945
3.187541
3.632447
3.385343
3.733348
3.473345
3.835750
3.773649
3.586546
3.829250
3.947751
4.131953
3.991051
9.780426
3.759949
3.914550
3.487345
4.093053
3.743148
3.585546
4.271855
4.346356
4.021752
4.136153
3.651848
4.015552
3.679848
3.797349
3.294942
12.718364
4.191554
3.682448
3.658847
3.575846
3.688447
3.664448
3.905350
3.782349
4.156454
3.779548
4.348156
3.305042
3.516645
3.661248
3.533146
3.646247
3.705648
4.059552
3.568146
3.779448
3.765548
4.005752
3.434044
3.719248
3.201841
4.948664
3.630347
3.931250
4.186154
35.859362
3.676848
3.497145
3.973352
3.619447
17.772729
3.427645
3.453645
3.586446
3.700048
3.466544
3.813149
4.782862
3.556846
4.063952
3.632746
3.524545
3.707947
3.640847
3.823849
3.587446
3.598246
3.535046
4.141654
3.584146
3.820950
4.025552
4.014551
3.295942
3.448745
3.624347
3.748648
3.526145
3.264842
3.730148
3.629147
4.086853
4.075752
3.812249
3.383143
3.554546
4.168354
3.324943
4.020352
3.882550
3.459145
3.731448
3.579246
3.853049
3.673247
3.665047
3.527046
3.757249
3.845949
3.605947
3.427644
3.600746
3.570746
3.461245
3.647847
3.156340
3.529245
4.396057
5.363469
3.908150
4.869062
3.754049
3.447744
3.815150
3.604046
3.488345
4.103753
3.790849
3.688047
3.598447
3.908550
3.764148
3.924550
3.463844
3.457445
3.330143
3.844250
3.652647
3.529246
3.756348
3.496045
3.411144
3.693748
3.887250
3.756248
3.484445
3.433245
3.658447
3.995252
4.005352
3.292842
3.894350
3.691748
3.641147
4.163854
3.887050
3.463945
3.878749
3.582446
3.221541
3.560046
4.018552
3.421444
3.182141
3.730048
3.641847
3.728448
3.390444
3.855249
3.001038
4.204655
3.608047
3.643947
4.133953
40.966228
3.768149
3.646647
3.620446
3.932350
3.488445
3.768048
3.760748
3.732248
3.872449
3.982451
3.227041
3.518445
3.449345
3.750049
3.538345
3.931351
4.048652
3.585846
4.222854
3.956151
3.726148
3.996251
4.360956
3.632947
3.415843
3.564346
3.540946
3.393243
3.247842
3.322043
3.494945
3.821549
3.627746
3.716748
3.487344
3.728448
3.350643
3.900150
4.129853
3.416344
3.660747
3.325042
3.467345
3.560045
3.540546
3.423544
3.466845
3.527145
3.725447
3.402443
3.499545
4.145954
3.554345
3.466645
3.389843
3.392544
3.672247
3.510546
3.555946
4.271155
3.505845
3.217742
3.619547
3.355143
3.332642
3.618847
4.296656
4.152754
3.910251
3.605547
4.004752
3.437345
3.408944
3.949550
3.532146
3.715447
3.622847
3.675747
3.678448
3.404943
3.804349
3.748849
3.939750
4.208854
3.624746
4.442457
3.259842
3.447344
3.923150
3.691648
3.906850
3.799748
3.510945
3.740648
8.733213
3.474045
3.862350
3.990651
3.349743
3.810849
3.507045
4.032552
3.551145
3.706848
3.507545
3.727148
4.781261
3.581646
3.565746
3.558546
3.777549
3.814549
3.619446
3.458745
3.748648
4.092953
3.626947
3.449344
18.445237
3.575946
3.361943
3.468645
3.738248
35.563057
3.449744
3.326843
3.439644
3.707947
3.090540
3.781148
3.453544
3.431144
3.541845
3.520546
3.215341
3.028539
3.410344
3.490245
3.713548
3.266142
3.264842
3.577246
3.229342
3.657247
3.475945
3.927550
3.331642
3.559846
3.417044
3.277342
3.502745
3.682347
3.819349
3.379043
3.504345
3.997852
3.624846
3.089540
3.693647
3.379243
3.598047
3.228242
3.226742
3.683947
3.459544
3.770349
3.192341
3.511245
3.524045
3.323143
2.968039
3.421544
3.884350
3.623947
3.615346
3.777648
3.461245
3.496745
3.598546
3.416744
3.658448
3.171841
3.296542
3.175341
3.425744
3.357543
3.508245
3.632146
3.410344
3.627746
3.407544
3.517745
3.509745
4.870463
3.237042
3.112240
3.341343
3.742948
3.097139
3.596246
3.548846
3.870450
3.710148
3.925051
3.667747
3.483544
3.613846
3.267542
3.407544
3.487745
3.024739
3.367643
3.103540
3.395043
3.282242
3.488245
3.518446
3.788049
2.925938
3.919950
3.510345
3.900350
3.223941
3.501845
3.585246
4.311156
3.977051
3.650847
3.207742
3.301642
2.925547
3.641058
3.465455
3.789361
3.577757
32.158817
3.412155
3.314454
3.630659
3.455155
3.996864
3.508456
3.654158
3.825361
3.664158
3.734660
3.978864
3.928862
3.828361
3.587958
4.443871
3.679859
3.641058
3.835362
3.741760
3.807561
3.765860
3.696459
3.611557
3.653358
3.543657
3.948063
3.852162
3.600757
3.870762
3.588857
3.698559
3.606857
3.664958
3.618157
3.424654
3.534356
3.812861
3.608158
3.679959
3.551856
3.494655
3.613057
3.315352
3.724359
4.099164
3.449055
3.437155
3.514456
3.287552
3.350753
3.662158
3.829561
5.510287
3.365653
3.462454
3.589456
3.406954
3.615657
3.844261
3.745159
4.042264
3.280652
3.771259
4.132565
3.872761
9.113044
3.710658
3.488755
3.785959
3.792159
3.637958
3.605257
3.779560
4.240366
3.596756
3.511756
4.174666
3.677458
3.998563
5.598588
3.672458
3.659858
3.945162
3.770459
3.712658
4.349468
3.876161
3.907761
3.641157
3.447353
3.699258
4.351268
3.682257
3.300452
5.580787
3.626856
3.653357
3.461755
3.435654
3.439353
3.957862
3.592656
3.690157
3.541355
3.500855
4.083464
3.624556
3.283051
3.638556
3.450253
3.720758
3.677257
3.351952
