3.184052
4.343871
4.432773
4.674576
5.563190
38.070819
4.111366
4.291670
4.421171
4.523074
39.664545
4.033066
4.335971
4.239169
4.140767
26.211726
4.161468
4.178768
4.354571
4.550774
18.883207
3.718760
4.326270
4.401872
18557.266154
3.964865
4.233169
131936.295156
4.151568
3.905663
3.891264
3.963164
4.301770
2545.699491
4.382971
4.659376
8171.671863
4.229569
4.227769
4.357871
4.616175
4678.975675
3.974865
3.583858
4.082366
4.366571
536.634125
4.292970
4.275970
1082.787504
4.484872
22.756970
4.261370
4.205469
4.101667
3.737960
23.639584
4.235069
6566.187857
4.219969
4.291370
226.036275
4.706477
4.169568
4.116867
6631.363717
4.301570
4.162268
6.493705
4.093867
3.870763
5934.673288
4.259369
4.279270
6418.477454
4.120067
82.557043
4.734877
4.186068
5.291186
4060.152711
2744.230716
3999.476224
2005.271002
4271.458646
3.905263
3.960564
5.595790
4.302270
3.944164
8795.156692
4.518174
3.889363
4.294570
4267.063173
4.713877
3.952864
3.926364
8559.986467
7065.328367
4.078567
4.340970
3.947665
3.778461
79.105786
4.403571
4.041165
4.148068
4.216269
3.682360
3.972365
4.365271
4.104766
4454.124014
4.151268
209.463805
81.925632
4.521774
4.179268
3387.649876
131.877144
4.601275
4.252969
3.804862
4.327370
9198.822450
4.323770
4.210068
6795.735982
4.545774
24.332896
6031.165151
4.085767
3.966464
770.834132
4.300870
21.025385
2264.109124
25.407465
9587.725865
4.304480
87.105842
4.481569
4.653757
4.245487
4.515068
3.988207
4.146296
4.248589
3.949712
4.198594
4.565268
5064.177582
4.341589
4.234497
4.639070
4.251598
81.941281
20.334659
6172.020456
3.871330
4.565282
4.095116
2006.108720
4.153914
4.383499
4.385999
3.361570
4.308306
5979.260600
4.741581
4.083626
6344.597196
3.501669
3.592063
4.402911
2502.166620
4.048837
3.941044
2007.009558
4.362419
4.322122
119.526043
668.990871
7667.306995
4.420523
3.625073
4.131842
4.180540
4.615413
3.985253
5331.194643
4.259040
4.045454
4.092252
4.060454
4.265642
37.835818
8170.102371
4.900210
4.106258
4.525733
4.181554
8461.891336
3.911175
4.181261
4.361751
6258.580228
3.865383
4.730934
4.091171
7578.207244
4.131773
4.051778
5.433103
80.258318
4.467156
8171.782572
5.180224
5.520806
3.333923
977.105221
7279.131221
5.807999
4.125987
4.122888
6379.094000
4.291582
4.271683
6119.375205
2133.316227
4.561475
4.222092
2044.063136
4.382286
4.024904
4.314390
3.955208
4.156299
4.203797
4.692674
4.063804
4.403089
4761.632216
4.608781
4.219901
4.352895
3.850818
3552.567392
4.070910
3.866820
5.172960
3.680230
4.799978
4.232105
4.332201
3142.885652
468.100129
4.275507
210.860371
4.466698
3.755131
4.041519
4.352505
4.715689
4.250710
4.677391
4825.893833
4.446704
3.955527
3.748036
4.432207
8170.770366
4.368914
2263.919405
4.620105
4.146325
3.838739
497.657694
4.301520
4.511812
4.347719
2133.660289
3.944836
4.241725
32.597059
4.158129
6563.841286
4.462820
4.995799
8434.608065
4.204135
4.272232
4.148937
7472.960148
4.568225
3.517965
9893.802627
6383.442651
20.250355
978.616832
7811.977678
6694.179365
465.248202
4.155854
5426.464313
4.230954
4.922430
4.524644
2684.378929
4.399050
2003.004118
65723.221493
4062.709462
4.231478
1604.199150
4.242278
4060.595514
4.266579
32839.845031
5952.141661
30.544212
4.441285
4.113095
18361.206210
4734.846590
4.131500
3.697710
2192.105136
3.973305
4.246299
5.980057
4.215499
4.162901
35.252466
4.174201
4.211201
4.290099
4.295000
3.908908
535.828019
4.479596
4.108605
4.048506
17420.420906
4.721896
3.760016
4.082510
4313.650255
3.327428
3.618021
4.353106
208.713201
4.319607
4.377706
8190.712894
4.641402
3.995816
4.660702
4.088914
4.506506
4.142314
1015.015143
4.371410
4.106215
4.078716
4.034818
3.809223
4.443809
4.098817
4.471910
5.455790
526.183605
4.330413
3.824423
4.439711
4.446211
3.792824
4.171817
4.113519
4.520311
4.186417
20.088905
4.237717
4.202518
3.764727
4.351616
34.699126
4.048421
3.835726
4.313317
4.008023
17.463564
4.360216
4.342817
4.312818
4.118322
19.456231
4.303818
5.997887
4.000325
4.218721
45.767742
4.105923
4.342319
4.275520
4.277121
23.100772
4.115224
3.867829
4.154424
4.688814
14.252939
4.057725
4.270922
4.171324
4.321621
22.976184
4.494519
4.212624
4.197625
4.191325
21.871408
4.087227
4.443921
4.394622
4.161326
22.684799
4.360623
3.841032
4.193526
4.248225
40.180198
4.229126
4.106229
4.224027
4.261027
4.306725
3.971432
4.120629
4.393824
4.365225
15.874728
4.247328
4.267427
4.096631
