
Timer is 200ms
34.9
35.7
34.0
34.1
34.2
32.0
38.6
52.0
32.6
33.4
37.1
36.4
31.0
34.8
30.8
32.5
31.8
33.5
33.3
31.4
32.3
34.9
33.9
37.8
33.1
35.6
36.1
35.7
31.2
34.6

Timer is 400ms
33.1
32.3
33.2
33.7
42.9
33.2
33.1
34.4
35.7
34.8
32.9
34.7
33.5
33.5
33.6
33.0
35.7
32.9
35.6
33.9
33.7
31.4
32.5
34.1
31.8
32.9
33.1
34.3
33.3
34.1

Timer is 600ms
30.1
33.6
30.2
31.3
33.2
30.9
28.9
31.4
34.2
32.6
35.1
31.7
32.9
31.5
34.7
32.1
30.7
33.6
31.3
29.4
31.6
28.8
34.0
35.7
31.0
31.8
33.3
33.0
29.9
31.3

Timer is 800ms
32.7
29.8
30.5
29.0
35.1
29.9
32.1
28.9
35.1
32.4
29.4
30.1
31.6
30.2
31.7
29.3
29.9
31.4
28.1
31.8
31.8
27.7
27.4
27.6
29.7
28.7
30.6
31.6
29.3
32.2

Timer is 1100ms
32.4
35.1
32.1
33.6
32.8
30.9
34.5
32.7
32.1
31.3
34.6
32.9
30.4
33.8
32.4
31.2
32.0
35.6
32.6
33.9
32.5
31.5
33.6
33.3
34.4
32.3
34.7
31.9
31.7
31.3

Timer is 1500ms
28.8
32.1
31.9
29.6
32.6
35.3
30.5
30.4
30.2
31.6
29.5
28.2
30.1
29.7
29.7
29.8
29.7
28.6
27.9
28.7
31.6
29.7
29.5
33.9
30.6
31.9
30.6
32.0
27.3
27.9

Timer is 1900ms
29.0
34.8
32.8
31.1
30.3
28.9
34.0
30.2
31.1
29.7
30.1
29.1
30.2
29.8
33.7
31.5
32.2
31.5
31.7
32.6
35.3
35.0
28.3
36.4
30.9
30.9
27.9
32.9
30.4
26.4

Timer is 2100ms
33.7
31.5
34.4
35.0
34.3
29.8
35.4
26.7
33.9
38.1
29.0
30.6
38.2
31.3
33.4
33.5
26.2
33.3
31.3
26.8
30.2
34.1
31.6
28.9
32.0
35.0
28.9
33.0
29.9
27.9

Timer is 2500ms
31.4
36.8
35.0
31.5
35.0
38.9
32.7
29.1
34.1
36.8
33.8
33.2
31.9
35.9
34.4
34.9
26.8
33.3
34.1
36.8
37.9
32.6
32.3
35.6
34.9
32.6
33.7
36.3
34.9
32.7

Timer is 2900ms
35.3
34.3
37.5
36.8
35.3
36.0
35.8
33.5
34.6
38.7
36.7
34.8
31.4
35.5
36.1
31.2
36.0
38.8
33.3
35.1
38.3
30.5
36.6
32.2
31.7
35.7
32.7
34.1
35.8
32.7

Timer is centerms
33.9
30.8
23.8
28.2
32.2
29.6
28.9
31.7
32.0
30.9
31.5
30.2
30.3
31.4
32.4
30.3
30.0
30.1
26.7
26.1
31.3
27.9
30.5
26.9
32.2
28.8
30.1
30.5
29.8
30.6
