
Timer is 200ms
23.6
24.0
27.1
24.9
25.7
27.0
22.3
27.2
26.2
25.3
32.1
25.8
26.9
24.8
27.3
25.7
27.6
26.8
29.5
28.9
27.0
29.8
25.9
26.1
27.7
26.0
24.2
24.9
27.6
23.9

Timer is 400ms
26.0
25.8
25.0
25.1
21.5
25.3
25.5
26.6
28.8
25.2
25.6
26.3
25.0
27.9
25.0
25.2
25.9
28.7
24.2
26.6
24.9
26.5
26.1
25.7
25.5
26.4
27.0
25.6
25.4
25.8

Timer is 600ms
28.8
32.5
31.7
29.6
28.7
29.4
32.6
27.5
27.8
27.4
32.0
28.3
26.7
27.8
28.5
28.5
29.3
29.3
29.4
28.9
27.0
30.1
31.1
27.3
30.4
28.7
29.3
30.1
29.6
29.3

Timer is 800ms
29.1
30.7
30.1
32.8
30.6
32.9
31.0
32.7
31.0
29.6
33.1
30.9
29.8
31.0
35.9
33.0
36.0
31.4
32.9
35.5
29.9
33.2
32.5
33.3
31.9
33.4
35.7
34.4
31.8
29.1

Timer is 1100ms
29.7
28.9
29.8
28.1
27.0
30.5
29.2
29.0
29.4
29.9
33.4
27.9
30.1
28.9
29.5
30.8
31.1
30.2
31.8
27.4
29.5
30.4
29.4
30.8
32.5
31.5
28.7
28.6
30.3
30.0

Timer is 1500ms
32.1
30.5
33.7
32.9
32.1
32.5
33.1
33.1
31.6
30.4
31.9
34.2
33.3
32.3
33.8
32.2
32.7
33.4
33.7
33.6
29.6
33.8
33.7
31.1
31.7
30.0
31.0
30.2
33.3
32.4

Timer is 1900ms
32.1
31.6
29.0
32.8
32.1
33.9
33.2
31.9
31.1
31.7
34.6
33.1
31.5
36.8
27.7
35.2
30.3
31.0
31.0
29.5
27.1
26.8
33.2
29.7
32.4
32.2
34.9
29.3
31.5
35.3

Timer is 2100ms
31.4
32.8
29.0
28.0
32.2
34.4
34.5
35.0
27.2
31.2
35.5
31.8
30.7
32.5
29.0
30.9
35.6
34.0
30.2
33.9
32.4
31.9
33.9
32.7
31.9
34.4
35.2
30.4
35.6
34.1

Timer is 2500ms
30.8
30.8
31.3
36.4
32.8
31.5
34.0
36.1
32.5
35.2
32.9
32.7
34.2
29.9
30.6
27.2
35.7
34.2
28.5
37.0
35.6
33.1
33.9
34.0
30.7
33.1
33.1
37.3
32.4
33.2

Timer is 2900ms
33.7
33.6
30.6
30.9
32.7
32.9
35.5
34.1
33.0
34.0
36.7
33.2
34.4
32.2
31.0
38.6
32.2
35.3
35.0
32.1
32.0
36.3
35.7
33.6
34.4
30.9
36.0
34.9
33.6
33.2

Timer is centerms
25.9
34.1
35.2
30.1
30.1
27.8
30.8
27.3
27.1
28.6
27.8
27.8
28.3
28.1
27.0
28.8
30.3
29.2
32.2
33.0
27.5
30.5
28.6
34.1
26.7
33.0
28.3
28.7
30.5
29.0
