0.000
0.000
0.000
0.000
0.000
0.000
0.000
0.000
0.000
0.000
0.000
0.000
0.000
0.000
0.000
0.000
0.000
0.000
0.000
0.000
0.000
0.000
0.000
0.000
0.000
0.000
0.000
0.000
0.000
0.000
0.000
0.000
0.000
0.000
0.000
0.000
0.000
0.000
0.000
0.000
0.000
0.000
0.000
0.000
0.000
0.000
0.000
0.000
0.000
0.000
0.000
0.000
0.000
0.000
0.000
0.000
0.000
0.000
0.000
0.000
0.000
0.000
0.000
0.000
0.000
0.000
182.641
384.589
379.183
365.282
371.846
387.292
379.183
378.411
381.114
376.480
374.549
389.222
375.322
378.025
375.708
379.955
381.886
383.817
363.738
373.777
383.430
367.985
381.886
381.886
381.886
381.886
381.886
369.530
377.638
381.886
385.747
378.025
370.302
393.470
365.282
315.471
372.233
374.935
381.886
232.452
348.678
361.035
369.530
381.886
291.145
386.519
383.430
345.589
403.123
356.401
385.361
387.292
365.282
381.886
381.886
381.886
381.886
381.886
365.282
381.886
381.886
381.886
365.282
386.906
376.866
381.886
381.886
16.604
0.000
0.000
0.000
0.000
0.000
0.000
0.000
381.886
352.540
378.025
381.886
365.282
381.886
381.886
365.282
381.886
375.322
374.549
371.460
381.886
365.282
365.282
392.311
371.460
365.282
381.886
381.886
373.391
361.807
354.857
408.915
367.213
377.638
369.530
361.035
381.886
381.886
381.886
381.886
332.075
373.777
374.163
359.876
403.123
365.282
398.490
365.282
381.886
381.886
348.678
381.886
373.391
369.143
380.341
376.866
376.480
384.975
375.322
368.757
398.490
365.282
366.441
384.203
378.411
381.886
332.075
373.391
390.381
356.787
0.000
0.000
0.000
0.000
0.000
0.000
0.000
0.000
0.000
0.000
0.000
0.000
0.000
0.000
0.000
0.000
0.000
0.000
0.000
0.000
0.000
0.000
0.000
0.000
0.000
0.000
0.000
0.000
0.000
0.000
0.000
0.000
0.000
0.000
0.000
0.000
0.000
0.000
0.000
0.000
0.000
0.000
0.000
0.000
0.000
0.000
0.000
0.000
0.000
0.000
0.000
0.000
0.000
0.000
0.000
0.000
0.000
0.000
0.000
0.000
0.000
0.000
0.000
0.000
0.000
0.000
0.000
0.000
0.000
0.000
0.000
0.000
0.000
0.000
0.000
0.000
0.000
0.000
0.000
0.000
0.000
0.000
0.000
0.000
0.000
0.000
0.000
0.000
0.000
0.000
0.000
0.000
0.000
0.000
0.000
0.000
0.000
0.000
0.000
0.000
0.000
0.000
0.000
0.000
0.000
0.000
0.000
0.000
0.000
0.000
0.000
0.000
0.000
0.000
0.000
0.000
0.000
0.000
0.000
0.000
0.000
0.000
0.000
0.000
0.000
0.000
0.000
0.000
0.000
0.000
0.000
0.000
0.000
0.000
0.000
0.000
0.000
0.000
0.000
0.000
0.000
0.000
0.000
0.000
0.000
0.000
0.000
0.000
0.000
0.000
0.000
0.000
0.000
0.000
0.000
0.000
0.000
0.000
0.000
0.000
0.000
0.000
0.000
0.000
0.000
0.000
0.000
0.000
0.000
0.000
0.000
0.000
0.000
0.000
0.000
0.000
0.000
0.000
0.000
0.000
0.000
320.105
393.856
318.560
412.004
365.282
381.886
381.886
381.886
381.886
381.886
378.411
385.361
372.619
391.153
348.678
386.906
362.579
396.173
381.886
365.282
398.490
381.886
381.886
381.886
381.886
365.282
398.490
360.262
386.906
365.282
384.589
362.579
381.886
381.886
381.886
381.886
381.886
372.233
391.153
331.302
386.519
370.688
376.480
381.886
381.886
381.886
384.203
365.282
396.173
381.886
381.886
376.866
383.817
368.371
381.886
365.282
381.886
381.886
381.886
381.886
381.886
366.054
381.114
348.678
401.193
379.183
381.886
384.203
382.658
312.382
348.678
365.282
398.490
364.510
345.203
369.530
329.758
401.193
388.836
374.549
365.282
415.093
369.143
378.025
384.203
379.569
392.311
371.460
365.282
398.490
381.886
381.886
389.995
374.549
383.044
379.955
381.886
381.886
381.886
381.886
365.282
419.341
377.638
387.678
376.094
381.886
358.718
383.044
387.678
340.956
377.252
381.886
381.886
381.886
370.302
393.470
366.441
397.331
381.886
381.886
365.282
398.490
365.282
381.886
381.886
381.886
381.886
381.886
381.886
387.678
359.490
408.529
371.846
389.609
374.163
398.490
345.975
412.004
361.807
374.549
381.886
398.490
365.282
384.589
371.074
389.995
381.886
332.075
369.530
380.727
395.401
381.886
237.858
