0.000
0.000
0.000
0.000
0.000
0.000
0.000
0.000
0.000
0.000
0.000
0.000
0.000
0.000
0.000
0.000
0.000
0.000
0.000
0.000
0.000
0.000
0.000
0.000
0.000
0.000
0.000
0.000
0.000
0.000
0.000
0.000
0.000
0.000
0.000
0.000
0.000
0.000
0.000
0.000
0.000
0.000
0.000
0.000
0.000
0.000
0.000
0.000
0.000
0.000
0.000
0.000
0.000
0.000
0.000
0.000
0.000
0.000
0.000
0.000
0.000
0.000
0.000
0.000
0.000
0.000
204.651
376.480
365.282
381.886
365.282
369.143
352.926
403.123
367.985
379.183
380.341
350.223
371.074
372.233
381.114
359.876
391.925
365.282
386.133
377.638
365.282
381.886
381.886
352.154
378.411
381.886
381.886
381.886
365.282
381.886
301.956
445.212
369.530
382.658
363.351
378.797
383.817
379.955
364.510
375.322
353.312
396.945
371.846
376.866
387.678
376.094
349.065
381.500
365.282
381.886
372.619
374.549
368.371
380.341
380.341
381.886
367.213
379.955
381.886
336.708
369.916
369.143
380.727
379.183
381.886
381.886
365.282
381.886
116.226
60.623
0.000
142.097
373.391
381.114
377.638
365.668
369.143
381.886
365.282
334.778
419.727
359.876
370.688
368.371
381.114
379.569
365.668
381.500
381.886
365.282
381.886
359.490
371.074
380.727
366.441
379.569
367.599
365.282
381.886
373.777
372.233
374.935
365.282
381.886
373.777
373.391
367.213
380.727
381.114
381.886
365.282
381.886
381.886
355.629
378.797
383.430
310.065
381.886
365.282
298.867
384.589
383.430
363.351
379.569
377.638
385.747
365.668
343.659
398.490
374.935
348.678
348.678
381.886
348.678
365.282
381.886
365.282
365.282
324.352
357.946
363.738
381.886
381.886
322.807
407.757
381.886
381.886
381.886
367.599
379.569
381.886
380.727
352.926
356.787
370.688
381.886
374.163
373.005
369.143
361.421
379.569
367.599
346.748
381.886
367.213
382.272
757.207
374.935
393.470
369.530
377.638
381.886
383.430
347.520
414.707
384.975
378.797
381.886
377.638
386.133
369.143
384.203
342.500
365.282
381.886
384.589
345.975
348.678
365.282
348.678
359.104
371.460
381.886
381.886
381.886
369.916
381.886
373.777
373.391
381.886
365.282
374.163
376.480
378.411
319.718
447.142
378.797
381.886
365.282
381.886
381.886
381.886
381.500
365.668
395.401
373.391
378.797
379.955
383.430
393.856
368.371
381.886
381.886
365.282
381.886
365.282
383.430
363.738
381.886
381.886
381.886
365.282
388.450
382.272
379.183
377.638
381.886
381.886
391.153
372.619
381.886
381.886
381.886
381.886
384.203
377.252
384.203
372.233
358.332
381.886
368.757
383.817
376.480
384.203
379.569
372.619
400.806
339.025
381.886
361.035
384.589
380.727
367.985
367.213
384.975
375.708
383.430
381.886
380.341
381.886
377.252
369.916
381.886
381.886
381.886
365.282
377.252
381.886
381.886
381.886
381.886
371.074
376.094
386.133
377.638
381.886
381.886
368.757
378.411
381.886
381.886
381.886
348.678
381.886
353.312
381.114
382.658
336.322
427.450
366.054
381.114
381.886
381.886
365.282
384.589
310.837
349.837
330.916
383.817
363.351
366.441
364.124
381.886
381.886
375.322
355.243
381.886
381.886
381.886
365.282
381.886
376.866
385.361
366.827
381.114
374.549
385.361
372.619
362.579
374.935
359.490
367.985
379.955
379.569
372.233
388.450
372.619
348.678
380.341
379.955
368.757
386.906
384.975
373.777
392.311
380.341
347.520
376.094
413.163
376.094
387.678
376.866
370.302
381.886
381.886
381.886
381.886
381.886
379.183
367.985
381.886
381.886
350.995
379.569
348.678
381.886
376.094
387.678
371.074
389.995
368.757
315.471
391.153
392.698
371.074
384.975
378.797
384.975
378.797
398.490
365.282
381.886
393.856
372.619
379.183
381.886
381.886
369.143
378.025
384.975
378.797
384.589
379.183
381.886
381.886
367.213
384.589
377.252
348.678
347.520
381.886
379.569
384.203
332.075
381.886
182.641
